101
 1.04497028e+00
 -4.94752950e-16
 2.31156199e-16
 -1.64687575e-16
 -5.20153214e-16
 1.21617564e-16
 -5.30457044e-02
 -1.84911154e-16
 -4.00123166e-16
 -2.22252302e-17
 4.34841460e-18
 -5.23190202e-17
 9.75651103e-03
 -8.38622816e-17
 -9.77357949e-17
 -1.92917759e-16
 -1.73453427e-16
 -1.82909503e-16
 -1.70235272e-03
 -1.00496693e-16
 -1.87050850e-16
 -1.05328265e-16
 -2.89204082e-17
 -4.62450442e-17
 -3.13891169e-04
 -1.88017165e-16
 9.91852664e-17
 -8.33791245e-17
 -8.70373145e-17
 -1.37147616e-16
 6.10785132e-04
 -1.06984804e-17
 1.17338172e-18
 -1.73246360e-17
 2.02926015e-17
 -2.92655205e-17
 -3.94536204e-04
 -2.70568020e-17
 3.69270129e-17
 2.01545566e-17
 -5.89451757e-17
 -1.85532356e-16
 1.08525827e-04
 -6.90914765e-17
 3.43731821e-17
 3.14742390e-17
 -5.65293898e-17
 -3.49253617e-17
 8.41707476e-05
 1.54955409e-16
 -3.46078584e-16
 -2.52484137e-16
 -2.54140676e-16
 -2.12589158e-17
 -1.48420868e-04
 -9.20759537e-17
 -6.17060739e-17
 1.19270801e-16
 6.90224540e-19
 -1.76490415e-16
 1.10418880e-04
 7.48893626e-17
 5.18358630e-17
 -2.67807122e-17
 -8.10323610e-17
 7.73741710e-17
 -2.24565132e-05
 -2.43235128e-16
 -1.25482821e-16
 -1.00427671e-16
 -3.89286641e-17
 -1.93815051e-16
 -5.95202961e-05
 1.26380113e-16
 -8.28269448e-18
 8.86248310e-17
 -3.96188886e-17
 -6.37077251e-17
 9.39197509e-05
 -5.39686568e-16
 -2.22666437e-16
 1.75248011e-16
 -1.45499333e-16
 -9.59412111e-18
 -6.75374773e-05
 5.81859287e-17
 -4.49612266e-16
 -2.09345103e-16
 2.55521125e-16
 -3.39176339e-16
 9.09619748e-08
 2.65805470e-16
 3.16813064e-17
 -2.37540776e-15
 -1.58958712e-16
 3.12326604e-16
 6.61094791e-05
 -6.44669721e-17
 4.36221909e-16
 -5.11663452e-16
 -1.61788632e-16
